[
    631799,
    174519,
    641931,
    953625,
    924815,
    461730,
    942331,
    378765,
    927402,
    667738,
    429503,
    312545,
    909261,
    370268,
    615044,
    811660,
    964418,
    739831,
    176962,
    898998,
    296573,
    841616,
    591553,
    425875,
    331890,
    759754,
    582620,
    426931,
    283857,
    963371,
    684303,
    975470,
    669948,
    270942,
    429225,
    296831,
    259040,
    740537,
    893535,
    582858,
    585560,
    102444,
    831035,
    877071,
    179327,
    561193,
    462311,
    257613,
    535430,
    696455,
    519102,
    211044,
    399803,
    401399,
    801992,
    704881,
    604567,
    533022,
    105684,
    901237,
    249744,
    550332,
    367024,
    499056,
    550218,
    233997,
    623047,
    403201,
    402391,
    259376,
    125007,
    870341,
    233666,
    555210,
    721033,
    472366,
    220336,
    773412,
    412398,
    430824,
    909023,
    830288,
    417302,
    866071,
    777123,
    164380,
    430732,
    709882,
    114703,
    886401,
    645330,
    654332,
    667831,
    703812,
    503881,
    111043,
    473301,
    733771,
    478832,
    435567,
    550341
]